L	-0.1117	2.5885	1477010443000000	0.0000	2.7500	0.0000	1.0000
R	3.2646	1.5296	0.9008	1477010443400000	-0.0220	3.0991	-0.1097	0.9940
L	-0.2332	3.6818	1477010443800000	-0.0938	3.4924	-0.2334	0.9724
R	4.3898	1.6140	0.7368	1477010444200000	-0.2143	3.8735	-0.3535	0.9354
L	-0.4031	4.2965	1477010444600000	-0.3817	4.2365	-0.4679	0.8838
R	4.4370	1.7044	0.4384	1477010445000000	-0.5932	4.5757	-0.5750	0.8181
L	-0.9482	4.7226	1477010445400000	-0.8456	4.8857	-0.6730	0.7396
R	5.2187	1.7854	1.1242	1477010445800000	-1.1348	5.1616	-0.7604	0.6494
L	-1.2093	5.3018	1477010446200000	-1.4564	5.3991	-0.8358	0.5490
R	5.8080	1.8738	0.5435	1477010446600000	-1.8051	5.5945	-0.8980	0.4399
L	-1.6754	6.0241	1477010447000000	-2.1756	5.7445	-0.9461	0.3239
R	6.3750	2.0326	0.0684	1477010447400000	-2.5620	5.8470	-0.9792	0.2028
L	-2.8783	5.9198	1477010447800000	-2.9582	5.9002	-0.9969	0.0785
R	6.9117	2.0944	0.8333	1477010448200000	-3.3579	5.9033	-0.9989	-0.0471
L	-3.8063	5.5386	1477010448600000	-3.7549	5.8563	-0.9851	-0.1719
R	7.0663	2.2152	0.1003	1477010449000000	-4.1429	5.7600	-0.9558	-0.2940
L	-4.4427	5.6940	1477010449400000	-4.5157	5.6157	-0.9114	-0.4115
R	6.6352	2.2517	0.2259	1477010449800000	-4.8675	5.4259	-0.8526	-0.5225
L	-5.3216	4.9185	1477010450200000	-5.1927	5.1935	-0.7804	-0.6252
R	7.2644	2.4150	0.3349	1477010450600000	-5.4863	4.9222	-0.6959	-0.7181
L	-5.8267	4.4186	1477010451000000	-5.7435	4.6162	-0.6004	-0.7997
R	7.3922	2.5447	-0.1057	1477010451400000	-5.9603	4.2804	-0.4955	-0.8686
L	-6.2713	3.7696	1477010451800000	-6.1333	3.9200	-0.3827	-0.9239
R	7.2330	2.6398	-0.3393	1477010452200000	-6.2599	3.5408	-0.2639	-0.9646
L	-6.6088	3.2820	1477010452600000	-6.3378	3.1487	-0.1409	-0.9900
R	7.2551	2.6778	-0.4489	1477010453000000	-6.3661	2.7500	-0.0157	-0.9999
L	-6.3381	2.3066	1477010453400000	-6.3441	2.3509	0.1097	-0.9940
R	6.7273	2.9124	-0.7292	1477010453800000	-6.2723	1.9576	0.2334	-0.9724
L	-6.2598	1.6582	1477010454200000	-6.1518	1.5765	0.3535	-0.9355
R	6.3976	2.9792	-0.7691	1477010454600000	-5.9844	1.2135	0.4679	-0.8838
L	-5.5980	0.8580	1477010455000000	-5.7729	0.8743	0.5750	-0.8182
R	5.5151	3.0724	-0.6869	1477010455400000	-5.5205	0.5643	0.6730	-0.7396
L	-5.1424	0.4110	1477010455800000	-5.2312	0.2884	0.7604	-0.6495
R	4.4681	3.2071	-0.8922	1477010456200000	-4.9097	0.0509	0.8358	-0.5490
L	-4.6627	-0.1227	1477010456600000	-4.5609	-0.1444	0.8980	-0.4400
R	3.6909	-3.0836	-0.8828	1477010457000000	-4.1904	-0.2945	0.9461	-0.3239
L	-3.7071	-0.4217	1477010457400000	-3.8040	-0.3970	0.9792	-0.2028
R	3.1451	-3.0118	-1.5835	1477010457800000	-3.4079	-0.4502	0.9969	-0.0785
L	-2.6884	-0.4092	1477010458200000	-3.0081	-0.4533	0.9989	0.0471
R	2.9229	-2.9438	-0.2858	1477010458600000	-2.6112	-0.4063	0.9851	0.1719
L	-2.0570	-0.4841	1477010459000000	-2.2232	-0.3100	0.9558	0.2940
R	2.1984	-3.0308	-1.1858	1477010459400000	-1.8504	-0.1657	0.9114	0.4115
L	-1.5973	-0.0519	1477010459800000	-1.4986	0.0241	0.8527	0.5225
R	1.2026	2.9244	-0.2730	1477010460200000	-1.1734	0.2565	0.7804	0.6252
L	-0.7013	0.5146	1477010460600000	-0.8798	0.5278	0.6959	0.7181
R	0.8488	2.2155	-0.2102	1477010461000000	-0.6226	0.8338	0.6004	0.7997
L	-0.3411	1.3901	1477010461400000	-0.4058	1.1697	0.4955	0.8686
R	1.8607	1.7347	0.8400	1477010461800000	-0.2327	1.5300	0.3827	0.9239
L	-0.1145	1.9081	1477010462200000	-0.1062	1.9092	0.2639	0.9645
R	1.8771	1.5965	1.2182	1477010462600000	-0.0282	2.3013	0.1409	0.9900
L	0.0881	2.8086	1477010463000000	0.0000	2.7000	0.0157	0.9999
R	3.3401	1.5769	1.0437	1477010463400000	0.0110	3.0997	0.0785	0.9969
L	0.0622	3.3954	1477010463800000	0.0704	3.4949	0.2028	0.9792
R	4.4091	1.4886	1.0717	1477010464200000	0.1789	3.8797	0.3240	0.9461
L	0.2341	4.4028	1477010464600000	0.3348	4.2478	0.4400	0.8980
R	4.4672	1.4634	0.8182	1477010465000000	0.5356	4.5934	0.5491	0.8358
L	0.7471	5.0154	1477010465400000	0.7781	4.9112	0.6495	0.7604
R	5.3576	1.3551	1.0165	1477010465800000	1.0585	5.1961	0.7397	0.6730
L	1.3457	5.6597	1477010466200000	1.3724	5.4436	0.8182	0.5750
R	5.6687	1.2576	0.6717	1477010466600000	1.7149	5.6497	0.8838	0.4679
L	1.9952	5.7943	1477010467000000	2.0805	5.8114	0.9355	0.3534
R	6.1302	1.1820	-0.0724	1477010467400000	2.4635	5.9259	0.9724	0.2334
L	2.6237	5.9875	1477010467800000	2.8578	5.9915	0.9940	0.1097
R	7.0355	1.0823	0.8247	1477010468200000	3.2572	6.0072	0.9999	-0.0157
L	3.5477	6.0841	1477010468600000	3.6555	5.9727	0.9900	-0.1409
R	7.1717	0.9215	-0.1267	1477010469000000	4.0463	5.8886	0.9646	-0.2639
L	4.5447	5.7465	1477010469400000	4.4234	5.7562	0.9239	-0.3827
R	7.8474	0.8335	-0.1424	1477010469800000	4.7810	5.5775	0.8686	-0.4955
L	5.1923	5.4654	1477010470200000	5.1134	5.3554	0.7997	-0.6004
R	7.7076	0.7788	-0.0944	1477010470600000	5.4153	5.0934	0.7181	-0.6959
L	5.7999	4.9477	1477010471000000	5.6820	4.7956	0.6252	-0.7804
R	6.6828	0.6159	-0.3833	1477010471400000	5.9093	4.4668	0.5225	-0.8527
L	6.4112	4.2768	1477010471800000	6.0936	4.1121	0.4115	-0.9114
R	6.9404	0.5560	-0.3978	1477010472200000	6.2319	3.7370	0.2940	-0.9558
L	6.1652	3.1970	1477010472600000	6.3222	3.3476	0.1719	-0.9851
R	6.8897	0.5040	-0.4188	1477010473000000	6.3629	2.9500	0.0471	-0.9989
L	6.3659	2.6781	1477010473400000	6.3535	2.5503	-0.0785	-0.9969
R	6.6116	0.2750	-0.6714	1477010473800000	6.2941	2.1550	-0.2028	-0.9792
L	6.1775	1.8094	1477010474200000	6.1856	1.7703	-0.3239	-0.9461
R	6.0672	0.2608	-0.4743	1477010474600000	6.0297	1.4022	-0.4400	-0.8980
L	5.8486	1.1871	1477010475000000	5.8289	1.0565	-0.5490	-0.8358
R	5.9025	0.1234	-0.9284	1477010475400000	5.5864	0.7388	-0.6495	-0.7604
L	5.4584	0.6358	1477010475800000	5.3060	0.4539	-0.7396	-0.6730
R	4.0159	0.0382	-1.4375	1477010476200000	4.9920	0.2064	-0.8182	-0.5750
L	4.7337	0.0544	1477010476600000	4.6496	0.0002	-0.8838	-0.4679
R	4.6492	0.0091	-0.8449	1477010477000000	4.2840	-0.1614	-0.9354	-0.3535
L	4.0091	-0.2433	1477010477400000	3.9010	-0.2759	-0.9724	-0.2334
R	4.1419	-0.1214	-1.1043	1477010477800000	3.5067	-0.3416	-0.9940	-0.1097
L	3.2843	-0.3188	1477010478200000	3.1072	-0.3573	-0.9999	0.0157
R	3.0987	-0.1485	-0.4011	1477010478600000	2.7090	-0.3228	-0.9900	0.1409
L	2.4948	-0.1100	1477010479000000	2.3182	-0.2386	-0.9646	0.2639
R	1.6869	-0.0465	-1.2650	1477010479400000	1.9410	-0.1062	-0.9239	0.3827
L	1.6028	0.2392	1477010479800000	1.5835	0.0725	-0.8686	0.4955
R	1.2061	0.2086	-0.4834	1477010480200000	1.2511	0.2946	-0.7997	0.6004
L	0.9467	0.5684	1477010480600000	0.9492	0.5566	-0.7181	0.6959
R	0.9862	0.9053	0.6315	1477010481000000	0.6825	0.8543	-0.6252	0.7804
L	0.3415	1.1376	1477010481400000	0.4552	1.1832	-0.5225	0.8526
R	1.8710	1.4539	0.0971	1477010481800000	0.2709	1.5379	-0.4115	0.9114
L	0.1086	2.1358	1477010482200000	0.1326	1.9129	-0.2940	0.9558
R	2.5135	1.5659	1.1518	1477010482600000	0.0423	2.3024	-0.1719	0.9851
L	-0.1655	2.6543	1477010483000000	0.0016	2.7000	-0.0471	0.9989
