time_stamp	px_state	py_state	v_state	yaw_angle_state	yaw_rate_state	sensor_type	NIS	px_measured	py_measured	px_ground_truth	py_ground_truth	vx_ground_truth	vy_ground_truth
1477010443000000	-0.1117	2.5885	0	0	0	lidar	0	-0.1117	2.5885	0	2.75	0	1
1477010443400000	0.0845588	3.09009	-0.1138	-6.60114e-18	1.46535e-18	radar	4.51544	0.134451	3.26183	-0.022	3.0991	-0.1097	0.994
1477010443800000	-0.186087	3.5905	-0.732228	-0.132104	-0.0696439	lidar	3.01838	-0.2332	3.6818	-0.0938	3.4924	-0.2334	0.9724
1477010444200000	-0.221383	3.89056	-0.689824	-2.13166	-1.49702	radar	5.91703	-0.189596	4.3857	-0.2143	3.8735	-0.3535	0.9354
1477010444600000	-0.327725	4.15541	-0.812347	-1.21518	-0.862733	lidar	2.98924	-0.4031	4.2965	-0.3817	4.2365	-0.4679	0.8838
1477010445000000	-0.556393	4.31903	-0.885928	-0.869174	-0.603615	radar	0.504202	-0.591037	4.39746	-0.5932	4.5757	-0.575	0.8181
1477010445400000	-0.880711	4.64969	-1.05407	-0.813081	-0.4824	lidar	1.34668	-0.9482	4.7226	-0.8456	4.8857	-0.673	0.7396
1477010445800000	-1.08319	5.03636	-1.15859	-1.16911	-0.622316	radar	0.570075	-1.11138	5.09899	-1.1348	5.1616	-0.7604	0.6494
1477010446200000	-1.21514	5.34923	-1.09946	-1.35932	-0.592264	lidar	0.283477	-1.2093	5.3018	-1.4564	5.3991	-0.8358	0.549
1477010446600000	-1.56291	5.59597	-0.969464	-1.09098	-0.222479	radar	4.77675	-1.73304	5.54341	-1.8051	5.5945	-0.898	0.4399
1477010447000000	-1.67733	5.98716	-1.01173	-1.26536	-0.289139	lidar	0.175334	-1.6754	6.0241	-2.1756	5.7445	-0.9461	0.3239
1477010447400000	-2.46556	5.95713	-0.74432	-0.112415	0.64152	radar	21.3025	-2.84047	5.70722	-2.562	5.847	-0.9792	0.2028
1477010447800000	-2.81708	5.9236	-0.777978	0.282527	0.722229	lidar	0.390519	-2.8783	5.9198	-2.9582	5.9002	-0.9969	0.0785
1477010448200000	-3.20241	6.02852	-0.866071	-0.139007	0.0773453	radar	5.52032	-3.45588	5.98569	-3.3579	5.9033	-0.9989	-0.0471
1477010448600000	-3.67114	5.70105	-0.993942	0.505732	0.441433	lidar	5.52765	-3.8063	5.5386	-3.7549	5.8563	-0.9851	-0.1719
1477010449000000	-4.06591	5.5536	-1.04925	0.534167	0.323275	radar	0.826769	-4.24488	5.64921	-4.1429	5.76	-0.9558	-0.294
1477010449400000	-4.44786	5.57623	-0.984045	0.357116	0.145873	lidar	1.91013	-4.4427	5.694	-4.5157	5.6157	-0.9114	-0.4115
1477010449800000	-4.62088	5.39465	-0.868744	0.520577	0.186372	radar	4.43376	-4.17683	5.15558	-4.8675	5.4259	-0.8526	-0.5225
1477010450200000	-5.14534	5.02477	-1.12319	0.700083	0.256123	lidar	4.71034	-5.3216	4.9185	-5.1927	5.1935	-0.7804	-0.6252
1477010450600000	-5.48612	4.81806	-1.10163	0.619274	0.0785706	radar	0.351628	-5.42972	4.82593	-5.4863	4.9222	-0.6959	-0.7181
1477010451000000	-5.81905	4.46644	-1.14612	0.749354	0.1394	lidar	0.312903	-5.8267	4.4186	-5.7435	4.6162	-0.6004	-0.7997
1477010451400000	-6.07405	4.11584	-1.13569	0.963532	0.312613	radar	0.349629	-6.11399	4.15497	-5.9603	4.2804	-0.4955	-0.8686
1477010451800000	-6.28275	3.75791	-1.1164	1.09035	0.315282	lidar	0.0291071	-6.2713	3.7696	-6.1333	3.92	-0.3827	-0.9239
1477010452200000	-6.37735	3.38869	-1.07571	1.33901	0.449156	radar	0.475591	-6.34133	3.47906	-6.2599	3.5408	-0.2639	-0.9646
1477010452600000	-6.56214	3.16496	-0.965502	1.3185	0.335431	lidar	1.93545	-6.6088	3.282	-6.3378	3.1487	-0.1409	-0.99
1477010453000000	-6.52857	2.94699	-0.835933	1.59576	0.489383	radar	3.05878	-6.48869	3.24552	-6.3661	2.75	-0.0157	-0.9999
1477010453400000	-6.38969	2.43934	-0.983919	1.92548	0.553087	lidar	2.25814	-6.3381	2.3066	-6.3441	2.3509	0.1097	-0.994
1477010453800000	-6.39122	1.85207	-1.16874	1.79778	0.288754	radar	5.86621	-6.55138	1.52838	-6.2723	1.9576	0.2334	-0.9724
1477010454200000	-6.2463	1.56684	-1.0698	2.00566	0.364971	lidar	0.914283	-6.2598	1.6582	-6.1518	1.5765	0.3535	-0.9355
1477010454600000	-6.12342	1.11551	-1.13804	2.04183	0.31907	radar	1.27925	-6.31343	1.03436	-5.9844	1.2135	0.4679	-0.8838
1477010455000000	-5.68062	0.838364	-1.1442	2.47086	0.523376	lidar	1.22879	-5.598	0.858	-5.7729	0.8743	0.575	-0.8182
1477010455400000	-5.44471	0.451268	-1.13116	2.35748	0.244001	radar	1.18067	-5.5019	0.381299	-5.5205	0.5643	0.673	-0.7396
1477010455800000	-5.11217	0.325602	-1.05345	2.64952	0.400912	lidar	0.947518	-5.1424	0.411	-5.2312	0.2884	0.7604	-0.6495
1477010456200000	-4.69006	0.179696	-1.08235	2.85919	0.426485	radar	1.95362	-4.45852	-0.292484	-4.9097	0.0509	0.8358	-0.549
1477010456600000	-4.5296	-0.113585	-0.985688	2.69357	0.222211	lidar	2.16533	-4.6627	-0.1227	-4.5609	-0.1444	0.898	-0.44
1477010457000000	-4.07427	-0.199132	-1.05274	2.9192	0.316322	radar	3.19855	-3.6847	-0.213925	-4.1904	-0.2945	0.9461	-0.3239
1477010457400000	-3.70819	-0.400248	-1.0758	2.8777	0.206953	lidar	0.1484	-3.7071	-0.4217	-3.804	-0.397	0.9792	-0.2028
1477010457800000	-3.17222	-0.401759	-1.23716	3.21771	0.456198	radar	3.22996	-3.11865	-0.407066	-3.4079	-0.4502	0.9969	-0.0785
1477010458200000	-2.69959	-0.381681	-1.24603	3.30075	0.372573	lidar	0.116295	-2.6884	-0.4092	-3.0081	-0.4533	0.9989	0.0471
1477010458600000	-2.48632	-0.135828	-1.01059	3.72989	0.63592	radar	7.2365	-2.86591	-0.574366	-2.6112	-0.4063	0.9851	0.1719
1477010459000000	-2.06216	-0.408824	-0.95054	3.29168	0.18852	lidar	1.99705	-2.057	-0.4841	-2.2232	-0.31	0.9558	0.294
1477010459400000	-1.75475	-0.30577	-0.983007	3.43756	0.239317	radar	4.46274	-2.18492	-0.243068	-1.8504	-0.1657	0.9114	0.4115
1477010459800000	-1.54248	-0.0583304	-0.936661	3.74367	0.378576	lidar	0.442466	-1.5973	-0.0519	-1.4986	0.0241	0.8527	0.5225
1477010460200000	-1.28644	0.205942	-0.936969	4.017	0.498947	radar	1.32548	-1.17435	0.259147	-1.1734	0.2565	0.7804	0.6252
1477010460600000	-0.840202	0.49286	-1.06414	3.9488	0.299488	lidar	2.44087	-0.7013	0.5146	-0.8798	0.5278	0.6959	0.7181
1477010461000000	-0.501587	0.65802	-1.00712	3.73328	-0.0106537	radar	0.909138	-0.510096	0.678427	-0.6226	0.8338	0.6004	0.7997
1477010461400000	-0.357104	1.19476	-1.08872	4.14881	0.239414	lidar	4.37496	-0.3411	1.3901	-0.4058	1.1697	0.4955	0.8686
1477010461800000	-0.26913	1.62773	-1.06107	4.43172	0.365991	radar	0.947304	-0.303612	1.83576	-0.2327	1.53	0.3827	0.9239
1477010462200000	-0.145217	1.95348	-1.01853	4.47754	0.292861	lidar	0.33953	-0.1145	1.9081	-0.1062	1.9092	0.2639	0.9645
1477010462600000	-0.0615036	2.2788	-1.02081	4.58047	0.305963	radar	2.9107	-0.0482431	1.87648	-0.0282	2.3013	0.1409	0.99
1477010463000000	0.0224195	2.74729	-1.0785	4.59329	0.19271	lidar	0.729734	0.0881	2.8086	0	2.7	0.0157	0.9999
1477010463400000	-0.00881104	3.19482	-1.1076	4.77621	0.27918	radar	0.357453	-0.0203868	3.34004	0.011	3.0997	0.0785	0.9969
1477010463800000	0.0125583	3.49033	-1.00999	4.7755	0.188261	lidar	1.20487	0.0622	3.3954	0.0704	3.4949	0.2028	0.9792
1477010464200000	0.247732	3.99624	-1.09017	4.39938	-0.183507	radar	4.20367	0.362004	4.39421	0.1789	3.8797	0.324	0.9461
1477010464600000	0.288445	4.40106	-1.08698	4.49293	-0.0449059	lidar	0.376085	0.2341	4.4028	0.3348	4.2478	0.44	0.898
1477010465000000	0.478332	4.69427	-1.00674	4.29371	-0.194758	radar	1.34487	0.478839	4.44146	0.5356	4.5934	0.5491	0.8358
1477010465400000	0.716113	5.01817	-1.01496	4.10537	-0.280775	lidar	0.14024	0.7471	5.0154	0.7781	4.9112	0.6495	0.7604
1477010465800000	1.06845	5.30935	-1.08798	3.86701	-0.339828	radar	1.21453	1.14667	5.23345	1.0585	5.1961	0.7397	0.673
1477010466200000	1.35397	5.62807	-1.10192	3.84039	-0.256756	lidar	0.161788	1.3457	5.6597	1.3724	5.4436	0.8182	0.575
1477010466600000	1.78258	5.71668	-1.08793	3.48352	-0.440659	radar	1.93917	1.74653	5.39294	1.7149	5.6497	0.8838	0.4679
1477010467000000	2.07187	5.81536	-1.00348	3.38443	-0.393572	lidar	0.655112	1.9952	5.7943	2.0805	5.8114	0.9355	0.3534
1477010467400000	2.41311	5.72751	-0.935087	2.93316	-0.699652	radar	1.47997	2.3238	5.67268	2.4635	5.9259	0.9724	0.2334
1477010467800000	2.67747	5.86819	-0.85448	3.0157	-0.466575	lidar	2.32854	2.6237	5.9875	2.8578	5.9915	0.994	0.1097
1477010468200000	3.10709	6.03058	-0.912565	3.37045	0.031569	radar	3.59928	3.30175	6.21262	3.2572	6.0072	0.9999	-0.0157
1477010468600000	3.50477	6.08972	-0.963582	3.34408	0.00192531	lidar	0.203993	3.5477	6.0841	3.6555	5.9727	0.99	-0.1409
1477010469000000	4.02394	5.80696	-1.02285	2.61358	-0.633063	radar	6.8899	4.3362	5.71233	4.0463	5.8886	0.9646	-0.2639
1477010469400000	4.45385	5.7048	-1.0872	2.59444	-0.46359	lidar	1.21106	4.5447	5.7465	4.4234	5.7562	0.9239	-0.3827
1477010469800000	4.87961	5.50994	-1.14922	2.45957	-0.492479	radar	3.68824	5.27572	5.80934	4.781	5.5775	0.8686	-0.4955
1477010470200000	5.20925	5.37748	-1.06811	2.43752	-0.394379	lidar	1.04036	5.1923	5.4654	5.1134	5.3554	0.7997	-0.6004
1477010470600000	5.46967	5.17842	-1.00238	2.30918	-0.409405	radar	1.19235	5.48594	5.41402	5.4153	5.0934	0.7181	-0.6959
1477010471000000	5.76921	4.92532	-1.00677	2.24369	-0.34603	lidar	0.205321	5.7999	4.9477	5.682	4.7956	0.6252	-0.7804
1477010471400000	5.8395	4.36684	-1.09627	1.74263	-0.590367	radar	6.8858	5.45486	3.86061	5.9093	4.4668	0.5225	-0.8527
1477010471800000	6.25012	4.15813	-1.04044	2.04333	-0.251575	lidar	5.66306	6.4112	4.2768	6.0936	4.1121	0.4115	-0.9114
1477010472200000	6.22742	3.76253	-1.01459	1.67871	-0.444712	radar	2.14544	5.89499	3.66309	6.2319	3.737	0.294	-0.9558
1477010472600000	6.18406	3.26614	-1.09202	1.41968	-0.486058	lidar	0.600771	6.1652	3.197	6.3222	3.3476	0.1719	-0.9851
1477010473000000	6.07613	3.04868	-0.917236	1.24752	-0.444991	radar	3.34949	6.03302	3.32726	6.3629	2.95	0.0471	-0.9989
1477010473400000	6.23592	2.67762	-0.909422	1.47462	-0.179922	lidar	2.46416	6.3659	2.6781	6.3535	2.5503	-0.0785	-0.9969
1477010473800000	6.24099	2.11569	-1.11007	1.45349	-0.214712	radar	5.64336	6.36317	1.79536	6.2941	2.155	-0.2028	-0.9792
1477010474200000	6.17343	1.7647	-1.05862	1.34591	-0.231618	lidar	0.216952	6.1775	1.8094	6.1856	1.7703	-0.3239	-0.9461
1477010474600000	6.00035	1.47489	-0.986604	1.15602	-0.279308	radar	1.00993	5.86203	1.56445	6.0297	1.4022	-0.44	-0.898
1477010475000000	5.84088	1.16649	-0.962503	1.03883	-0.286612	lidar	0.0506703	5.8486	1.1871	5.8289	1.0565	-0.549	-0.8358
1477010475400000	5.64578	0.789096	-1.04851	0.904292	-0.364939	radar	1.74828	5.85762	0.726521	5.5864	0.7388	-0.6495	-0.7604
1477010475800000	5.42089	0.57731	-0.976853	0.720904	-0.404003	lidar	0.493728	5.4584	0.6358	5.306	0.4539	-0.7396	-0.673
1477010476200000	4.79602	0.293091	-1.26478	0.226591	-0.680054	radar	12.7485	4.01297	0.15337	4.992	0.2064	-0.8182	-0.575
1477010476600000	4.56965	0.0816675	-1.13999	0.27381	-0.492956	lidar	3.21687	4.7337	0.0544	4.6496	0.0002	-0.8838	-0.4679
1477010477000000	4.26196	0.0233247	-1.03172	0.0913348	-0.491585	radar	2.21959	4.64901	0.0423071	4.284	-0.1614	-0.9354	-0.3535
1477010477400000	3.95666	-0.156494	-0.976094	0.196194	-0.256265	lidar	1.36767	4.0091	-0.2433	3.901	-0.2759	-0.9724	-0.2334
1477010477800000	3.66145	-0.399833	-0.981373	0.393204	-0.0412592	radar	4.37006	4.11142	-0.501592	3.5067	-0.3416	-0.994	-0.1097
1477010478200000	3.28649	-0.402907	-0.969965	0.129467	-0.241876	lidar	0.825248	3.2843	-0.3188	3.1072	-0.3573	-0.9999	0.0157
1477010478600000	3.01149	-0.458263	-0.856385	0.113171	-0.165488	radar	1.45519	3.0646	-0.458468	2.709	-0.3228	-0.99	0.1409
1477010479000000	2.55863	-0.270862	-0.923841	-0.379711	-0.506631	lidar	3.21155	2.4948	-0.11	2.3182	-0.2386	-0.9646	0.2639
1477010479400000	2.06591	-0.114449	-1.116	-0.431566	-0.314063	radar	4.66614	1.68508	-0.0784126	1.941	-0.1062	-0.9239	0.3827
1477010479800000	1.64349	0.16229	-1.1829	-0.670157	-0.414822	lidar	0.667132	1.6028	0.2392	1.5835	0.0725	-0.8686	0.4955
1477010480200000	1.32185	0.304516	-1.07777	-0.655779	-0.325695	radar	1.44565	1.17995	0.249772	1.2511	0.2946	-0.7997	0.6004
1477010480600000	0.968713	0.565891	-1.09473	-0.750185	-0.302717	lidar	0.0566839	0.9467	0.5684	0.9492	0.5566	-0.7181	0.6959
1477010481000000	0.726538	0.920608	-1.09996	-1.05903	-0.53463	radar	1.19508	0.608929	0.775755	0.6825	0.8543	-0.6252	0.7804
1477010481400000	0.41223	1.18837	-1.08369	-1.0378	-0.372596	lidar	1.07207	0.3415	1.1376	0.4552	1.1832	-0.5225	0.8526
1477010481800000	0.185529	1.4887	-0.964123	-0.948861	-0.0593477	radar	6.3822	0.218215	1.85823	0.2709	1.5379	-0.4115	0.9114
1477010482200000	0.0428403	1.99566	-1.07941	-1.20934	-0.259313	lidar	2.51368	0.1086	2.1358	0.1326	1.9129	-0.294	0.9558
1477010482600000	0.00582664	2.44413	-1.11309	-1.49711	-0.415847	radar	0.395428	0.0123069	2.51347	0.0423	2.3024	-0.1719	0.9851
1477010483000000	-0.0881489	2.74441	-1.02493	-1.47204	-0.260543	lidar	1.48702	-0.1655	2.6543	0.0016	2.7	-0.0471	0.9989
